sequence_id,collection_date,location,host
MZ869037,2017-03-01,Viet Nam: Lam Dong,swine
MZ869026,2017-06-01,Viet Nam: Dong Nai,swine
MZ869038,2017-07-01,Viet Nam: Ba Ria Vung Tau,swine
MZ869043,2017-11-01,Viet Nam: Ho Chi Minh City,swine
MZ869028,2018-01-01,Viet Nam: Dong Nai,swine
MZ869035,2018-02-01,Viet Nam: Dong Nai,swine
MZ869033,2018-08-01,Viet Nam: Dong Nai,swine
MZ869041,2019-02-01,Viet Nam: Ba Ria Vung Tau,swine
